364
-106
276
411
-70
-459
-235
23
-3
-86
302
349
-190
-12
-134
97
413
-277
16
-358
-212
-357
273
-403
133
318
-244
45
222
329
116
-350
-183
-399
247
-425
420
370
200
-162
-17
73
-397
-138
-56
-177
125
155
-291
65
-12
-47
386
33
-234
-437
324
61
-486
-405
236
360
-92
227
344
303
184
140
-499
126
5
347
388
-159
-251
247
-167
220
391
-436
-305
81
-273
-256
322
-355
322
56
-42
-407
-418
-173
396
20
1
-389
-192
64
-202
223
-373
60
-160
334
53
-292
318
117
60
101
-206
-45
-407
110
317
-106
-176
89
-253
-203
-312
-307
341
-309
-467
127
172
-234
-13
-430
-409
195
275
-367
397
-347
-461
362
-418
419
216
349
53
199
-100
357
222
37
-218
34
